100.0
42.0
-42.0
100.0
100.0
100.0
100.0
100.0
100.0
100.0
100.0
-42.00000000000004
-41.99999999999995
-7.999999999999984
-8.000000000000002
-23.999999999999986
100.0
-41.99999999999999
-17.999999999999915
100.0
-41.9999999999998
41.9999999999998
-41.9999999999998
53.99999999999969
-41.9999999999998
100.0
-41.9999999999998
41.9999999999998
100.0
100.0
100.0
100.0
-53.99999999999988
41.9999999999998
100.0
41.9999999999998
100.0
-41.9999999999998
100.0
100.0
100.0
100.0
100.0
100.0
100.0
18.00000000000002
-41.9999999999998
-41.9999999999998
41.9999999999998
23.999999999999968
-23.999999999999968
100.0
-41.9999999999998
-41.9999999999998
-41.9999999999998
100.0
-41.9999999999998
100.0
-41.9999999999998
23.999999999999968
-41.9999999999998
100.0
23.999999999999968
41.9999999999998
-23.999999999999968
100.0
41.9999999999998
-41.9999999999998
53.99999999999969
100.0
100.0
-53.99999999999969
42.00000000000056
100.0
100.0
100.0
42.00000000000056
-42.00000000000056
100.0
100.0
100.0
100.0
100.0
100.0
-42.00000000000056
42.00000000000056
-13.999999999999932
-14.0000000000002
-42.00000000000056
-24.000000000000192
-42.00000000000069
-13.999999999999979
-14.0000000000002
-42.00000000000069
-13.999999999999979
-42.00000000000069
-42.00000000000069
13.999999999999979
100.0
54.000000000001
18.000000000000295
42.00000000000069
42.00000000000069
-24.000000000000536
-24.000000000000234
-54.000000000001
-42.00000000000069
-24.000000000000234
-13.999999999999979
100.0
13.999999999999979
100.0
100.0
24.000000000000536
14.0000000000002
24.000000000000234
-24.000000000000234
-24.000000000000234
-54.00000000000024
-18.000000000000295
-42.00000000000069
-14.0000000000002
-42.00000000000069
42.00000000000069
41.999999999999936
42.00000000000069
24.000000000000536
24.000000000000536
18.000000000000295
100.0
-14.0000000000002
-42.00000000000069
-42.00000000000069
-24.000000000000234
-14.0000000000002
-42.00000000000069
-42.00000000000069
18.000000000000295
24.000000000000234
-24.000000000000234
42.00000000000069
14.0000000000002
12.000000000000096
-24.000000000000234
-13.999999999999979
100.0
-41.999999999999936
-17.99999999999932
-23.999999999999094
-17.99999999999932
-23.999999999999094
-23.999999999999016
-23.999999999999094
-41.999999999998415
23.999999999999094
-11.999999999999547
-23.999999999999094
41.999999999998415
100.0
100.0
41.999999999998415
-41.999999999998415
100.0
-41.999999999998415
41.999999999998415
-53.99999999999796
-8.399999999999682
-41.999999999998415
-41.999999999998415
-23.999999999999094
-17.99999999999932
-17.99999999999932
-13.999999999999472
-23.999999999999094
-17.99999999999932
-23.999999999999094
-13.999999999999472
-17.99999999999932
-41.999999999998415
-13.999999999999472
-23.999999999999094
41.999999999998415
8.399999999999682
-53.99999999999796
41.999999999998415
13.999999999999472
11.999999999999547
13.999999999999472
13.999999999999472
-41.999999999998415
-41.999999999998415
-53.99999999999796
-17.99999999999932
100.0
13.999999999999472
41.999999999998415
41.999999999998415
13.999999999999472
-41.999999999998415
-23.999999999999094
-13.999999999999472
-41.999999999998415
100.0
23.999999999999094
23.999999999999094
100.0
23.999999999999094
-23.999999999999094
-53.99999999999796
-23.999999999999094
-41.999999999998415
41.999999999998415
13.999999999999472
-53.99999999999796
23.999999999999094
100.0
-41.999999999998415
-41.999999999998415
-13.999999999999472
100.0
11.999999999999547
41.999999999998415
100.0
23.999999999999094
10.799999999999592
10.799999999999592
17.99999999999932
41.999999999998415
41.999999999998415
41.999999999998415
53.99999999999796
41.999999999998415
23.999999999999094
23.999999999999094
13.999999999999472
17.99999999999932
17.99999999999932
41.999999999998415
11.999999999999526
100.0
100.0
100.0
41.999999999998415
100.0
41.999999999998415
-41.999999999998415
41.999999999998415
100.0
-41.999999999998415
41.999999999998415
100.0
-41.999999999998415
-41.999999999998415
-13.999999999999472
-23.999999999999094
-13.999999999999472
-13.99999999999944
-17.99999999999932
-41.999999999998415
41.999999999998415
-11.999999999999547
-53.99999999999796
53.99999999999796
-53.99999999999796
41.999999999998415
-41.999999999998415
100.0
100.0
100.0
41.999999999998415
-41.999999999998415
23.999999999999094
-23.999999999999094
-41.999999999998415
41.999999999998415
41.999999999998415
-41.999999999998415
41.999999999998415
-53.99999999999796
-41.999999999998415
100.0
41.999999999998415
100.0
100.0
100.0
100.0
100.0
100.0
41.999999999998415
-41.999999999998415
17.99999999999932
100.0
41.999999999998415
17.999999999999282
23.999999999999854
23.999999999999094
41.999999999998415
13.999999999999472
41.999999999998415
17.99999999999932
23.999999999999094
41.999999999998415
13.99999999999944
23.999999999999094
41.999999999998415
17.999999999999282
41.999999999998415
13.99999999999944
41.99999999999828
17.99999999999926
23.999999999999016
-41.99999999999828
100.0
100.0
41.99999999999828
41.99999999999828
-41.99999999999828
41.99999999999828
100.0
100.0
-53.99999999999779
41.99999999999828
-53.99999999999779
13.999999999999424
-23.999999999999016
100.0
-41.999999999998415
41.99999999999828
-41.99999999999828
13.99999999999944
-23.99999999999905
-23.999999999999016
41.99999999999828
41.99999999999828
100.0
100.0
-53.99999999999779
41.99999999999828
100.0
100.0
100.0
-41.99999999999828
-53.99999999999779
-5.999999999999763
-8.399999999999661
-23.999999999999094
-41.999999999998415
-41.999999999998415
-41.999999999998415
-53.99999999999796
100.0
-41.999999999998415
-41.99999999999814
-23.999999999999094
-41.999999999998415
-41.999999999998415
-23.999999999999094
-41.999999999998415
-41.999999999998415
-17.999999999999282
-41.999999999998415
-41.999999999998415
-23.999999999999094
-41.999999999998415
-41.99999999999814
-41.999999999998415
41.999999999998415
-17.99999999999932
-41.999999999998415
-13.999999999999472
-13.999999999999472
-13.999999999999472
-13.999999999999472
-17.99999999999932
-41.999999999998415
100.0
-17.99999999999932
100.0
100.0
-41.999999999998415
41.999999999998415
-41.999999999998415
100.0
100.0
100.0
41.999999999998415
-41.999999999998415
41.999999999998415
100.0
-41.999999999998415
-41.999999999998415
53.99999999999796
100.0
100.0
100.0
-41.999999999998415
41.999999999998415
100.0
100.0
41.999999999998415
-41.999999999998415
53.99999999999796
-23.999999999999094
100.0
41.999999999998415
100.0
100.0
100.0
-41.999999999998415
-8.399999999999682
-7.999999999999698
-23.999999999999094
41.999999999998415
41.999999999998415
11.999999999999547
17.99999999999932
41.999999999998415
13.999999999999472
17.99999999999932
17.99999999999932
41.999999999998415
17.99999999999932
41.999999999998415
41.999999999998415
23.999999999999094
41.999999999998415
17.99999999999932
41.999999999998415
41.999999999998415
13.999999999999472
41.999999999998415
41.999999999998415
13.99999999999944
41.999999999998415
41.999999999998415
23.999999999999094
23.999999999999016
23.999999999999094
41.999999999998415
23.999999999999094
41.999999999998415
11.999999999999508
8.399999999999672
8.399999999999672
23.99999999999905
-41.99999999999828
-23.999999999999016
-17.99999999999932
-11.999999999999547
41.999999999998415
-41.999999999998415
-23.999999999999094
-41.999999999998415
41.999999999998415
100.0
100.0
100.0
-41.999999999998415
-41.999999999998415
100.0
41.999999999998415
-41.999999999998415
41.999999999998415
-53.99999999999796
41.999999999998415
-41.999999999998415
41.999999999998415
-41.999999999998415
41.999999999998415
100.0
41.999999999998415
53.99999999999796
-23.999999999999094
-41.999999999998415
100.0
41.999999999998415
100.0
100.0
100.0
-53.99999999999796
41.999999999998415
100.0
-53.99999999999796
41.999999999998415
-13.99999999999944
-8.399999999999661
-17.99999999999932
-41.999999999998415
-13.999999999999472
-41.999999999998415
-41.999999999998415
-41.999999999998415
-23.999999999999094
-23.999999999999094
13.999999999999472
-13.999999999999472
-41.999999999998415
-41.999999999998415
100.0
23.999999999999094
-41.999999999998415
100.0
41.999999999998415
100.0
23.999999999999094
53.99999999999796
41.999999999998415
41.999999999998415
-23.999999999999094
-41.999999999998415
100.0
-41.999999999998415
100.0
-8.399999999999682
-13.999999999999472
-23.999999999999094
-13.999999999999472
-13.999999999999472
-41.999999999998415
41.999999999998415
-23.999999999999094
-17.99999999999932
41.999999999998415
-41.999999999998415
41.999999999998415
-41.999999999998415
41.999999999998415
-41.999999999998415
41.999999999998415
-41.999999999998415
41.999999999998415
