3.588508546360229,-0.10068677249781696
6.729159671078826,-0.15103015874672546
10.139655083427837,-0.17116751324628882
13.652948319636053,-0.17979780803181603
17.20029826849263,-0.1957798354124219
20.790271415319165,-0.2181546737452701
24.4302157265217,-0.23493580249490625
28.069602289772902,-0.22562338426775716
31.656788841464852,-0.1772436084250396
35.20586984340715,0.03266313029480125
38.6201928847336,0.5382398074755096
41.808583026265325,1.4030536493753658
44.743787139176696,2.6392231903431873
47.39196824524215,4.217091757194493
49.62468769435052,6.234773308179278
51.48828699862377,8.650271763717237
53.01652958825692,11.3939527439658
54.20363349857667,14.447527602678637
55.0504103955838,17.68797898664286
55.638606562334154,21.08145476834002
56.059396938006586,24.464654621397877
56.35308142491516,27.874943073229897
56.52947203726861,31.303681154424705
56.617065096426124,34.64156748756588
56.67484589996291,37.980569316609724
56.71957993001131,41.36982118400525
56.758720250476486,44.809044215776765
56.77736073354809,48.39852925998958
56.784813797453275,51.988014304202395
56.78107944219202,55.577499348415216
56.75870460385917,59.167472495241746
56.74751718469275,62.757445642068284
56.753110894275956,66.39718072463278
56.77175137734756,69.9866657688456
56.79039186041918,73.67588391317237
56.80903234349077,77.46483515761311
56.827672826562385,81.15405330193988
56.8519070192172,84.79350951052871
56.881734921455234,88.58266998360747
56.91156282369327,92.47156355680022
56.93579701634808,96.51016139448292
56.987833092966184,100.59580879663598
57.10267127431181,104.67346878611525
57.256576813273014,108.59919566392131
57.442138326501194,112.37382449240475
57.71995114337145,116.13694168845142
58.09001526388377,119.88854725206127
58.50103214121454,123.53825953918087
58.95111637616086,127.03603871462724
59.40679432069041,130.38411362558367
59.81788925250703,133.63537703633176
60.1419478869413,136.94466866946726
60.38046042279586,140.2531252402522
60.51682791434109,143.60661672490838
60.49607464101249,146.91553078906807
60.33476834268496,150.23247713780765
60.09715543032265,153.49973187818878
59.74615292407597,156.91335004861173
59.34865082200314,160.374293346039
58.97351312718495,163.83474863839425
58.590927584000696,167.29471592567754
58.22500852615987,170.80660279096804
57.90907870096779,174.27429077926854
57.652424627424274,177.7480966561263
57.41611937393887,181.274307194652
57.21516797766978,184.8523695179124
57.08853881766951,188.33626842269024
56.99722183432896,191.87257530057772
56.88354044373378,195.4093701835372
56.77730690150466,198.94665307156865
56.70088561489627,202.48505145550277
56.64496416568144,206.07397875176423
56.60023013563305,209.66290604802572
56.589042716466636,213.15293686610022
56.57785529730021,216.64296768417475
56.56666787813379,220.13299850224925
56.54988674938415,223.5730581559477
56.538699330217725,227.16282207413622
56.538699330217725,230.75279522096267
56.53869933021772,234.34276836778918
56.53310562063451,237.8827703502397
56.51632449188487,241.42277233269022
56.466064466769566,244.96103405698457
56.29737603969924,248.42756088959607
55.96564526885519,251.80364649192973
55.41768690009006,255.1079455593023
54.642128256207116,258.1780554439623
53.60262170396973,261.0763784701378
52.26021769113759,263.7485000288321
50.59406160879971,266.1869034238513
48.59134087114869,268.3410854383169
46.267822958175955,270.16109324834724
43.71405108505407,271.6408567761162
40.97533584226604,272.82514984044167
38.0695589614148,273.7419640569254
34.948533263652934,274.4667076087075
31.664570676962754,275.09791157794876
28.37152936068415,275.7128329783234
25.11840054563855,276.4075868777099
21.85894250619139,277.2301942681566
18.581543578615257,278.19565089367273
15.22241813252243,279.3010640732381
11.869821633065007,280.4656542626307
8.513466426997264,281.5894167186488
5.253920676783772,282.60178421838174
2.032329391574915,283.3917749483493
-1.2233253396249495,283.9863280110792
-4.588479193424705,284.38580550239243
-8.00365949864803,284.57777830376966
-11.449756143792111,284.636172607748
-14.80057667205336,284.6613028828373
-18.169177598229307,284.787234942026
-21.500461176612742,285.06420686774277
-24.871740656003723,285.47974261773743
-28.297912566197184,286.0490590653237
-31.826460302434587,286.65922417036177
-35.30280802711275,287.23032191778424
-38.7143811484609,287.71533182652655
-42.048227415562266,288.0384913538154
-45.36973616129762,288.1353082365704
-48.66704774023014,287.96163324249665
-51.9413760982068,287.5315996608999
-55.22442911813552,286.95002828050707
-58.461755153512485,286.3109000767625
-61.688252222302,285.7678816097222
-64.94559671425071,285.39210054264515
-68.21322567910971,285.1748235368411
-71.51000314414146,285.1026731109148
-74.83294660288102,285.15762586826736
-78.21324641088376,285.23961825840354
-81.58825475465036,285.3037466350117
-84.88047908946638,285.2633899251597
-88.0740200863431,285.0362552387621
-91.22572315142304,284.5020069781989
-94.38588194162891,283.7400141541398
-97.58146033395381,282.7995711102992
-100.75742326928781,281.7382912844705
-103.92893571436983,280.62879817193095
-107.10267369464827,279.6379711222805
-110.33588971148161,278.8221027736012
-113.60462841604554,278.1385059199019
-116.96843133517066,277.5747761898279
-120.27794245726633,277.1479932263317
-123.62733838913056,276.683579258475
-126.94608022445088,276.1473430249132
-130.2818275434336,275.4430226660379
-133.52166394798164,274.48077497494
-136.55947181674026,273.12182637503906
-139.3508282521979,271.321310819428
-141.8849945982491,269.2079351458659
-144.1598735200629,266.7789674072007
-146.17090584189592,264.0320063645295
-147.74483561315142,261.0237368066456
-148.95692919504154,257.8595524929008
-149.82267151418034,254.57976297641835
-150.43981400192604,251.21277538799677
-150.86995685266842,247.8453141527933
-151.1600234809635,244.5000526151313
-151.35978132075127,240.9931625639786
-151.41875622004252,237.51236113086432
-151.38707417902165,234.07306835621344
-151.36098063204489,230.58359528609031
-151.26519525918286,227.10525366441405
-150.99977356288133,223.7208382930209
-150.54239674255925,220.443878969294
-149.83082638126083,217.20414655313024
-148.77437501501169,214.02141223871845
-147.32217508492874,211.12819894173677
-145.54182942703747,208.48294769880536
-143.37775734402436,206.14917081468448
-140.77350623430635,204.30307756988714
-137.86905435917222,202.90485681206295
-134.82960001229003,201.98107847591154
-131.63574952667702,201.63210369026808
-128.4628985973394,201.85933955099847
-125.45997751390536,202.68306167233476
-122.70713506227473,204.08708921043208
-120.17982872127102,205.92392502318663
-117.85812517830014,208.08821101639973
-115.6811051958266,210.54622861827096
-113.67986854351474,213.17461549793904
-111.7219578685362,215.86334666960613
-109.747770724992,218.43101791133338
-107.6558380483872,220.780608448149
-105.38625155837394,222.7940615649762
-102.91643767384522,224.38987500721788
-100.20712008160163,225.6259525186399
-97.2402785537416,226.57738156248018
-94.13693970604174,227.29405878555872
-90.85954793974739,227.84763254679905
-87.50131062641091,228.23616560006656
-84.1566700654322,228.46429595541673
-80.80890208162408,228.62926000014988
-77.46508918985828,228.76471860622001
-74.13116917638969,228.85276314316505
-70.74839154593151,228.92780777357035
-67.4663225382273,229.01027940112692
-64.27761009791296,229.0523231435592
-61.085800041107746,229.08361482124545
-57.84360979313384,229.11686955973175
-54.55214561449395,229.12962446082443
-51.21133776230875,229.12933780396784
-47.82056497042991,229.1233952297765
-44.37145361839963,229.1556790822641
-40.871049203571545,229.2009367781847
-37.32290149702003,229.2815170781961
-33.77752695190483,229.3767538888673
-30.277491644660145,229.44826001878243
-26.822356724823248,229.47351617366908
-23.31725073815206,229.4969025431556
-19.813397588520147,229.50916924078612
-16.308713657605153,229.52507670543412
-12.8516403461938,229.55758319587682
-9.493742386945076,229.60499581412978
-6.184005007081745,229.63197634229982
-2.7295614786752367,229.69772266682665
0.7809537909977605,229.72487456132382
4.289728218559501,229.68509477355894
7.744703324812529,229.6063622497117
11.19288751250219,229.4872432089313
14.634912847777919,229.2095533383555
18.012925448985094,228.62534143241348
21.22124103362246,227.6439049425776
24.172296980989184,226.29752024492046
26.702059474240045,224.49732868682213
28.88326163534559,222.30672958843513
30.7465193712039,219.71475151674548
32.20225367842309,216.83354887196674
33.21250173198629,213.6390466813496
33.7069072608837,210.28873703556167
33.75587654104043,206.97614196139543
33.34253327794445,203.72746698186003
32.48558722654094,200.54120770857958
31.25876556373291,197.52815545938222
29.600232940307478,194.76165743978615
27.51662696467921,192.40577787803767
25.051591107388614,190.3391228893783
22.24779169965273,188.60762810195217
19.224574325942722,187.221990507916
15.966256641592175,186.1144154796193
12.642583792855797,185.34014494058553
9.323243707839833,184.8349019727927
5.960227410892459,184.48624855495098
2.583720161780535,184.2257508148876
-0.7446278725071492,183.9968986216602
-4.027460487723949,183.82191050786457
-7.314260745632154,183.68773970001246
-10.602454788372995,183.57963115684407
-13.840747604632416,183.47339239542868
-17.066721664037345,183.2900720511118
-20.300913961618008,182.93619781438866
-23.466608361172817,182.38858480608062
-26.463360152408885,181.5908463990848
-29.3106808124017,180.3972413222877
-31.917243563079225,178.87742086244623
-34.25114167216699,177.05065590603667
-36.33896913528988,174.84549174928046
-38.10683382163977,172.22041235212512
-39.54392861232319,169.2367669751659
-40.6517968300498,165.98141148592933
-41.4850742932813,162.58388030568625
-42.10161796650212,159.09897958119322
-42.51863153488635,155.61660683562877
-42.82744177650604,152.06711078223606
-43.010472361873354,148.44426730802724
-43.09620606670889,144.85645550766844
-43.17448670763925,141.36809793344798
-43.29551694981162,137.93270569025796
-43.40720870700293,134.54721428351888
-43.49280691721746,131.16228062473118
-43.54485851655002,127.77762583991914
-43.609956889370984,124.44322109345876
-43.680648971775156,121.15878751137436
-43.7718408915729,117.92488284161732
-43.88539200308619,114.59208169367334
-43.97284956762269,111.25872279777799
-43.982151565713245,107.92327600249277
-43.95979237399772,104.63710372291924
-43.939292536604164,101.30089063363208
-43.93929253660417,97.91414863201759
-43.91505834394937,94.47736582068944
-43.88523044171134,90.99061184498532
-43.83490270207975,87.45332895695385
-43.75662206114941,83.96497138273335
-43.68952883938549,80.47661380851282
-43.6578415828255,77.03711190276563
-43.70419536956089,73.50260820474358
-43.85796044970276,69.97761847228556
-44.10203431835189,66.51452415320428
-44.53630484016169,63.03989207098706
-45.21030639983081,59.64565267315251
-46.15550859088797,56.358060908330884
-47.365187099802306,53.241801268847254
-48.86412601375916,50.28923374591626
-50.6772839540399,47.54609458877063
-52.854650154530326,45.1200746366553
-55.340018743296106,43.045777013524486
-58.083760905658814,41.32156315096116
-60.9888477465884,40.08338661179397
-64.02782779681866,39.30237997509022
-67.10758340584408,38.9701064699374
-70.2830042318413,39.13124598507337
-73.41029914178466,39.72438281830841
-76.41573735492322,40.74409999774387
-79.15501538181881,42.19887329670606
-81.63498716380309,44.1175694166004
-83.807203328415,46.41978341447537
-85.67441943768206,48.99330163962908
-87.23850036983147,51.82079204351099
-88.55006290081275,54.88631073843564
-89.53313987123198,58.033584139436535
-90.28998848047296,61.282532829994096
-90.85447476019486,64.59339528072557
-91.26151240572626,67.9447277973589
-91.53108309755872,71.26827789680951
-91.75972704465943,74.59419574524696
-91.958610844127,78.02172731415706
-92.09259928313546,81.40561775402853
-92.17272364271207,84.84372587494308
-92.20817132128724,88.28225225805028
-92.18962465957445,91.76949657846372
-92.16548428827844,95.3067120632532
-92.16740618166621,98.84253376321
-92.18237484854238,102.32810542481515
-92.20293722500176,105.76370592204431
-92.1937029815161,109.09845840830252
-92.12682862278078,112.47956137598226
-92.08783941803374,115.80881294895774
-92.09352689428812,119.1376462597406
-92.14575564692528,122.41804050719286
-92.19798439956244,125.6984347546451
-92.22974459709904,129.02998472266796
-92.25405173073045,132.46154666478043
-92.28581192826704,135.89282973291722
-92.34177503616544,139.37519887628696
-92.44978454973031,142.86118870261123
-92.52431519972372,146.34926798790175
-92.58023664893854,149.83846218404926
-92.66222036283715,153.42599569547806
-92.88232592065742,156.93115601767747
-93.35725874978937,160.26159056525987
-94.18377734359365,163.3194783786379
-95.32905825653718,166.13688715667638
-96.80841327296564,168.65646048908314
-98.63061163691668,170.84197088226585
-100.90017990507778,172.66394441276563
-103.55451830430366,174.16704783678202
-106.51843002746153,175.23617635690127
-109.69269313770559,176.00551636346557
-112.99417296700165,176.48781761279363
-116.27833845981867,176.71448673951284
-119.55757732555838,176.7106697214224
-122.86197925253234,176.43275624784667
-126.12295027257323,175.9106484003988
-129.2172967666956,175.14594549657585
-132.22018933202665,174.02398322531542
-135.08159905385563,172.60822880227505
-137.78017556300722,170.88025928487366
-140.25852016328983,168.85609396278852
-142.5122426982007,166.5820673822339
-144.5221874113336,164.0913562878813
-146.23043616564917,161.42941476594908
-147.71147019593693,158.60534138985278
-148.96193550464085,155.54318396905262
-149.8818140760063,152.46027930303705
-150.51152299022914,149.3197654114248
-150.81272465696833,146.15656611549693
-150.7429707839441,143.0655565083822
-150.3011068981809,140.0680914466778
-149.38586019288826,137.1906954671566
-148.08372650260486,134.54228634347135
-146.33051779779333,132.1106607824503
-144.08877402713858,130.03380220504314
-141.4734371135072,128.27532572904747
-138.5432534338632,126.82539160131925
-135.40697574729253,125.6879935650131
-132.1202506116957,124.81714316721933
-128.7417100543288,124.16904722961584
-125.35451527226317,123.7398495416721
-121.89773386883066,123.42589492613313
-118.42089736290866,123.23661351473442
-115.03345803004241,123.13225497344459
-111.69515323962517,123.04466191428709
-108.40598299165691,122.9738343372619
-105.06795707521533,122.8787882141992
-101.72937341082239,122.79864821894687
-98.39078974642945,122.74460177067132
-95.00328076822558,122.71850822369453
-91.61577179002171,122.69241467671775
-88.22826281181784,122.66632112974094
-84.79099189787598,122.65700871151378
-81.3534421099585,122.66633677635822
-77.91589232204097,122.70175838817944
-74.37749393810684,122.76699225562136
-70.68939128968273,122.83781983264652
-67.00100976728295,122.89000692660008
-63.41208247102148,122.89374128186131
-59.773393239022035,122.89188192753937
-56.1355406289496,122.86766338150184
-52.498594286141795,122.86206967191862
-48.861647943333985,122.85647596233538
-45.17466079081255,122.84902289843018
-41.587406738405065,122.84156983452499
-38.1000950147496,122.84530418978619
-34.613341039045466,122.87513209202422
-31.13591181783816,122.99712547325579
-27.786880151316215,123.35643849812226
-24.617846936633274,124.07123134320818
-21.660990608173048,125.05165632936291
-18.845895997190553,126.307232984226
-16.128201454642905,127.81093171797134
-13.409659782416067,129.51749013504573
-10.759329675289969,131.32456129792558
-8.11289231046455,133.16493961970593
-5.3580937396926736,134.90572024980239
-2.4886091813918627,136.30978214220352
0.48259078612621387,137.24119053580625
3.6493762482364156,137.6420188631352
6.873438509601688,137.53450153705478
10.042905866155841,136.9209465143539
13.06119352396812,135.79279747980726
15.934609593393795,134.25750388359916
18.629070305427888,132.25166440724456
20.966399866391097,129.93671999389485
22.926287864218747,127.38253845594801
24.579409899627688,124.61920742619148
25.812239064498467,121.74427967712255
26.715722450280296,118.75410885564887
27.261064380643553,115.68101401853379
27.401358115505676,112.60767731975218
27.16405670801681,109.53830866487056
26.51260008069852,106.57394456532465
25.484079180136018,103.67038007483426
24.068576528897577,100.88643675228494
22.331535933992768,98.28813344806606
20.2653842695471,95.8840566232809
17.928995424017977,93.72531021277615
15.306759119157359,91.88135156923087
12.511555174424789,90.45682878401982
9.638234852816499,89.5415753317323
6.767786606071478,89.25217014424337
3.9739352826499785,89.51747715966181
1.2442140908721615,90.30428716187924
-1.5351748723192271,91.5231076237725
-4.319160956761264,93.03274789249554
-7.105975191900756,94.72658975981511
-9.827271159090726,96.54347884407845
-12.61349413070101,98.30857464360102
-15.478676580374232,99.85774203285071
-18.446534761646063,101.11329532321211
-21.60205128605763,102.1201860443104
-24.888542785892227,102.87483317867718
-28.214692248688454,103.39032445276258
-31.516260520109782,103.7917255910577
-34.82829748664695,104.08593822660488
-38.206408909508575,104.24215583684138
-41.53913856004981,104.33711335408435
-44.87179846771169,104.42461259188305
-48.20501612332491,104.48601828270495
-51.58911121057875,104.51201800832293
-54.92588214535898,104.48777338458993
-58.21379741166587,104.42812279565298
-61.50247955702043,104.33865473555619
-64.79171945032631,104.26409280326978
-68.03210367515888,104.2137494170209
-71.32224983572938,104.18018715952164
-74.61183824834855,104.17271844899915
-78.0001842384417,104.19505157396078
-81.33835012807776,104.23415540024106
-84.67651601771381,104.27325922652136
-88.0635375758232,104.28814450676411
-91.45055913393259,104.30302978700689
-94.88755185641797,104.32350877683285
-98.47424884339334,104.34958147624204
-102.1608881591207,104.36446675648482
-105.94781832291336,104.3532584897508
-109.63599090923205,104.31224838753266
-113.32458166026984,104.2600612935791
-117.11290551142163,104.20787419962554
-120.85209482012442,104.17245258780429
-124.59024051933534,104.12590085119632
-128.241282118694,103.92708788435206
-131.74000948023414,103.44494771978947
-134.9733247812444,102.70319617916101
-137.9432148655881,101.67218423349001
-140.69684060671403,100.32397075503022
-143.15973727414868,98.64394818394283
-145.2926795160017,96.64147102926023
-147.14364231207688,94.259502092001
-148.65041140574715,91.49574294839023
-149.85093548096603,88.5360504829683
-150.73300908674472,85.51232572556792
-151.3390640119186,82.4019667908629
-151.69498035633353,79.24361862326097
-151.82942899755145,76.01913536575297
-151.79263295196947,72.73322979134251
-151.59433175521042,69.4291269567399
-151.26986985310995,66.12308602305158
-150.8952052858623,62.869661803538776
-150.48514518084167,59.56661523152022
-150.04718428250993,56.21220497738067
-149.69109766291527,52.75701859922614
-149.4574217104542,49.30044564035346
-149.39562121210034,45.89383568191592
-149.49271291825664,42.49400090953995
-149.67163722259338,39.09367930163791
-149.93983157156586,35.690017444333435
-150.27500449889612,32.283849425446434
-150.63998968184708,28.876565910656762
-150.93306191444742,25.527983770282106
-151.02430851496294,22.318548485932745
-150.80680278553186,19.144315419622824
-150.24224450397398,16.081904143184584
-149.2739605565812,13.24323249630221
-147.9372634724838,10.636050165911657
-146.23894504013813,8.318481413309728
-144.13752044118718,6.23909730339137
-141.59060197992378,4.512203226893961
-138.76663523293112,3.1197372382161257
-135.7569815917226,2.014646233504923
-132.6498567124547,1.205536165506648
-129.45771850546137,0.6179779298964502
-126.22449388374841,0.18754257861567378
-122.97165380504458,-0.13324340984353134
-119.70166158288852,-0.35141978112140504
-116.46531445386427,-0.46497101653755224
-113.3254999510727,-0.5376735945020176
-110.1859643222568,-0.6178292363716643
-107.04531319753819,-0.6681726226205854
-103.90466207281962,-0.7185160088695065
-100.76401094810102,-0.7688593951184277
