5.383704348411538,0.10068677249781711
10.769291754565469,0.10068677249781711
17.052477061745055,0.10068677249781711
22.438064467898986,0.10068677249781711
27.821768816310527,1.5265566588595902e-16
33.205473164722065,-0.10068677249781681
38.5891775131336,3.0531133177191805e-16
44.4125828778051,0.3186536868354096
49.38255697575385,2.1980206871078423
52.597255676315434,7.002900532406523
54.49193053935351,12.51918808115375
55.704603747222194,18.207217553538
56.00652324515989,23.583392304606498
56.40898869603965,28.95392051607434
56.64383061883072,34.33260513292385
56.828329155372884,40.16103022915738
56.828329155372884,45.546617635311314
56.828329155372884,50.932205041465245
56.9290159278707,56.31590938987678
57.096780275515144,61.6971038725073
57.096780275515144,67.08269127866122
57.096780275515144,72.46827868481515
56.99609350301732,77.85198303322667
56.99609350301732,83.23757043938058
57.09678027551514,89.51887268881777
57.09678027551514,94.90446009497167
56.99609350301731,100.28816444338321
56.99609350301731,105.67375184953711
57.09678027551513,111.9550540989743
57.364996794872226,117.32997874362592
58.16767694657527,122.65541358816076
59.152842173512695,128.40372113813163
60.480922718261894,133.6195344181362
61.16571591997601,139.39916046181892
61.33348026762045,144.7803549444494
60.998233112968634,151.04911313039287
60.29539580089781,156.38769253413145
59.261525524009826,161.67130031544917
58.64198412989261,167.46964036009695
57.70580460809899,173.68078565317762
57.7561479943479,179.5041910178491
57.10323200366465,185.29877109029897
56.868390080873574,190.67745570714845
56.76770330837575,196.9587579565856
56.66701653587793,203.24006020602275
56.566329763380104,209.5213624554599
56.46564299088228,215.80266470489704
56.41529960463337,222.53370743371823
56.515986377131185,227.91741178212973
56.515986377131185,233.30299918828362
56.41529960463336,238.68670353669512
56.31461283213554,244.07040788510662
56.31461283213554,249.45599529126054
56.24748831713699,254.84032732558617
55.365201064701814,260.5825854787751
53.031477271609056,265.4286128688222
49.893841905429994,269.7931937828588
45.65290454261079,273.0899128376682
39.74731747219966,275.1568638778274
34.37364732150082,275.42503345733263
28.99558863542832,275.3914242928062
23.67015379089348,276.19410444450926
18.43318038347055,277.4238348237948
13.61919284732729,279.7793282690458
9.105471562215785,282.6948736608417
4.09392251381783,284.6617617223762
-1.6014896636537639,285.8758795861115
-7.853987648159074,285.6423968193397
-13.578570231473,284.5250896082689
-18.95537793386699,284.3575598614096
-24.338455474239908,284.4246374365562
-29.924401041382072,286.02543134260856
-35.642773911108065,288.5573074534573
-41.3661230081521,289.6743812763339
-47.62484699638289,289.74145885148056
-53.28179815956849,288.36447386380496
-58.6889335732891,286.1882477320272
-64.36491930275305,284.8411029683158
-70.15705960204818,284.28976213137423
-75.85456503271828,285.4355549645974
-81.01246473962324,286.9216300302204
-87.28874725749843,286.82094325772255
-93.00855319565017,285.7728553316876
-98.31439514601082,283.38485863498175
-103.05461208097752,280.8415398004545
-108.6023769756836,279.04252343810435
-113.72474107452175,277.46248336768076
-119.08525000172607,277.32884409630304
-124.87983884495216,277.84737053276496
-130.68569445075545,277.2945315887849
-135.9468973174199,276.16249896700134
-141.12261842218504,273.502840712433
-145.28572514389452,269.4343969511439
-148.2743517891739,263.9227904488931
-150.10525431842,258.38551800284006
-151.83628174993513,252.831869999414
-152.02078028647733,247.0034449031805
-152.1382012478729,241.172509941166
-152.25562220926847,234.44397707812584
-152.25562220926847,229.05838967197195
-152.15493543677067,223.67468532356045
-152.03751447537516,217.84375036154594
-149.85003690031516,211.9989100656002
-146.93096015659205,207.47925999328945
-142.99897091684642,203.8312269073357
-137.38007546798278,201.08852663462304
-132.0687877269587,200.35605110599667
-126.76508541927538,201.15569265641994
-121.97515213376887,203.5741047395787
-117.43296014258816,207.88046730750625
-114.80327573897505,212.56936945272875
-112.57615897818589,218.42821519124948
-108.59038694587163,223.26450049092128
-104.2431804526895,227.75429817538617
-98.26594014334233,229.38993984905224
-92.90230419035618,228.95428746253967
-87.53614960081282,228.61941543289726
-82.21618095883377,229.3194950940295
-77.00220352438248,230.64715661901107
-70.75286850639789,230.74718692271944
-65.42743366186305,229.9445067710164
-60.10199881732821,229.14182661931335
-53.83449424807587,229.3094032731997
-47.70443295240019,230.67412438806275
-42.341406265900304,231.00876201377704
-36.991470754381595,230.60830976334893
-31.763790196431366,229.34632318982514
-25.941634938176758,229.29621440436136
-20.234308226488434,230.4102566283658
-14.944809951110141,231.17381591100715
-9.574267703454755,230.90588073543003
-4.292458100653604,229.90636518849735
1.0642952375931105,229.40405706201759
6.416032354552047,229.97330200973778
12.562254157032115,231.27286090784872
18.383151411059725,231.155393039426
23.668806595640437,230.22341759147426
28.492710681464267,227.03444359390576
31.42590942368069,222.55399233982
32.94794683525923,217.3920977672105
33.950080655022454,211.19343170059312
33.93372159113413,205.37754189707715
32.684739172318224,199.67915125295994
30.299859527977148,194.3794570701614
26.31225740402869,190.15585965836448
21.55803651362196,187.68061162399496
15.859528824337234,186.4659797168722
10.111221274366374,185.48081448993477
3.847482819984916,185.01141218498978
-1.5286919310835794,184.70949268705215
-7.809994180520774,184.60880591455435
-13.638419276754307,184.42430737801223
-19.47186410454987,184.37396399176333
-24.85054872139938,184.1391220689723
-30.624697880557154,183.59025590849132
-35.43417870427159,180.33129078133862
-39.16880948111379,175.88999392232918
-41.00898212112397,170.83410523023542
-43.06703160954496,165.86574884955306
-43.6319304842849,160.54630733554606
-43.68227387053381,154.71286250775054
-43.933849982222604,148.88694727729805
-44.03453675472043,143.50324292888655
-44.13522352721825,138.11953858047505
-44.47047068187007,131.8507803945316
-44.8558268188427,126.03489059101561
-44.82226456134343,120.66059801981399
-44.30312859594404,114.85599252042755
-44.47089294358849,109.47479803779703
-44.923092087747406,103.66517631712283
-44.68829710480826,98.28837388014018
-44.38637760687057,92.91219912907168
-44.20187907032841,87.08377403283816
-44.1011922978306,81.70006968442664
-44.00050552533279,76.31636533601511
-44.00050552533279,70.9307779298612
-44.101192297830615,65.54707358144967
-44.73419438381628,60.22459507368963
-46.32162413902237,55.07827420518461
-48.66465047431553,49.2891217890067
-52.37821597700162,44.8198086129147
-57.412189869347785,41.103984061109344
-62.37005380137724,39.01404840579238
-67.68134154240136,38.281572877166056
-73.89141356135569,38.98094975277769
-78.89828987341733,40.946003900441255
-83.24071568676683,44.109438365694004
-86.87965369916483,48.6462844031453
-89.26640893484246,53.44729443364458
-90.23245695494805,58.73224767688556
-90.83465463123004,64.07522350951241
-91.5703516776026,69.40631188965952
-91.97267640740104,74.77496230879635
-92.14044075504549,80.15615679142687
-92.30820510268994,86.43494917508303
-92.40889187518776,91.81865352349456
-92.50957864768559,97.20235787190609
-92.17428455318185,103.47237055180234
-91.75621028843261,109.27322923300734
-92.17526920712876,115.08911026574717
-92.34303355477321,120.47030474837769
-91.69035193519325,126.26238548095988
-91.95866223577976,132.53051159345338
-92.3443934977618,138.35140709234386
-92.3443934977618,143.73699449849775
-92.44508027025962,149.12069884690925
-92.44508027025962,154.50628625306314
-92.54576704275745,159.88999060147464
-92.64645381525527,165.27369494988613
-93.24110202173333,170.57160305462267
-97.61415719176524,174.24323255098562
-103.02596534182219,176.42129259663426
-108.55988875777813,178.21623581403264
-113.92917738874237,178.51768634008187
-119.3103718713729,178.68545068772627
-125.57599250562126,178.5179678807189
-130.76574048083097,177.0926085982353
-135.75044697104465,175.06419673980957
-140.8438765747042,171.4289030357779
-144.5531897004518,167.52983268553575
-147.63994658233213,163.12146729537747
-150.02157346873813,157.32864915061796
-151.10602022492125,151.5972102109374
-152.12329775457886,145.86072268264112
-152.05617323958035,140.4814103798775
-150.02966939824387,134.59149599165983
-146.21561595523087,130.21029160488226
-141.04135960871852,127.58942184096719
-135.38274698212948,126.1774397746414
-130.03852017073015,125.54153902148794
-124.66799195926231,125.13907357060818
-119.28930734241278,124.9042316478171
-113.45774557235961,124.75320148907036
-108.0790609555101,124.51835956627929
-102.69347354935618,124.51835956627929
-97.31478893250667,124.28351764348821
-91.93798649552404,124.01516040304978
-86.11458113085253,124.33381408988512
-80.730876782441,124.43450086238292
-74.89743195464547,124.48484424863182
-69.51372760623394,124.58553102112961
-64.12814020008003,124.58553102112961
-58.742552793926095,124.58553102112961
-52.91161783191155,124.46811005973407
-47.527913483500015,124.46811005973406
-42.15111104651739,124.30043959179343
-36.330215547626906,124.6861708537754
-30.944628141472975,124.6861708537754
-25.560923793061434,124.58548408127757
-20.1941450278782,124.95401218247342
-15.502405431246887,127.43393130804274
-12.480208918767456,131.86734537074665
-9.106663598184742,136.60781559374902
-4.628928039991734,139.53944646611353
0.5584198888949128,140.96406546670175
6.368041609569117,141.28210946056737
12.39343796693206,139.63332428245408
17.020150304021428,136.88463615703753
21.358354912299408,133.0187197345776
24.817714609299184,128.33145379239312
27.236309588011597,123.03964273244918
28.319356504651356,117.31560212267482
28.10213984033257,111.5072278803143
26.529525949458836,105.89750214934192
24.134278359474834,101.0783173174791
20.62091042673928,96.43091126724762
16.678055600375448,92.77247662579876
11.204261683811142,89.72838910352043
5.16072438794343,88.10854275214066
-0.044238890182353496,89.26216442832441
-3.804137878191868,93.06992405921419
-7.079437549479355,97.33835841433891
-11.863502963887042,101.36750204807367
-16.936842231741625,103.14261598068202
-22.104432534031094,104.63128763351251
-27.904053365332743,105.1834240871198
-33.732478461566274,105.36792262366197
-39.09360454877141,105.87065258532114
-44.92328413895769,106.05519806171523
-50.30761617328336,105.98807354671668
-55.69132052169489,105.88738677421885
-61.07690792784882,105.88738677421885
-66.46249533400274,105.88738677421885
-71.84619968241427,105.98807354671668
-77.2299040308258,105.88738677421885
-82.61549143697971,105.88738677421885
-87.99668591961023,106.0551511218633
-93.36597455057446,106.35660164791257
-99.18311007726706,106.40671043337632
-104.5536382887349,106.00424498249656
-109.93734263714644,105.90355820999874
-115.32104698555797,105.80287143750091
-121.60234923499515,105.70218466500309
-127.43579406279069,105.65184127875418
-132.8194984112022,105.55115450625635
-138.62664883984687,105.20025077808894
-144.05104074504004,102.10555587301737
-147.58066248533572,98.05515466686194
-149.82112011801058,93.1711697082553
-151.68349419112286,87.64557463539721
-152.10156875102007,81.84157314690114
-152.7522383842064,76.06567291862297
-152.8859717647863,70.75579353039663
-151.6875658252655,65.50523404464226
-150.82042767992803,60.20220575718666
-149.9861033447743,54.89232636896033
-149.2178735040253,49.570583173855745
-149.15079592887872,43.29179079019957
-149.83703977313317,37.50096630670726
-151.13100319438345,32.28380249526528
-152.04755136766696,26.539107893083163
-152.16497232906252,20.708172931068614
-151.91377134238317,14.88726339599058
-149.5060337408448,10.117876144586365
-145.35607909150053,6.061955487526145
-139.98389047147762,3.8275878334588245
-134.79292990019738,2.401903636837359
-128.9945898555496,1.7823622427201098
-123.62406164408176,1.379896791840318
-118.24035729567022,1.2792100193424831
-112.8591628130397,1.1114456716980163
-107.48047819619019,0.8766037489069175
-101.20168581253402,0.7088394012624506
