3.588508546360229,-0.10068677249781696
6.729159671078826,-0.15103015874672543
9.869810795797424,-0.20137354499563392
13.460202399900044,-0.20137354499563392
17.050594004002665,-0.20137354499563392
20.640985608105286,-0.20137354499563392
24.231377212207907,-0.20137354499563392
27.821768816310527,-0.20137354499563392
31.410277362670758,-0.3020603174934509
35.89826686779904,-0.3020603174934509
39.48865847190166,-0.3020603174934509
42.62428986505822,-0.117561780951292
45.74488136512761,0.23404443758882376
48.99232302148336,1.687787103482934
51.36989298004335,4.348816549630741
52.92688848599344,7.581951032103072
54.23860583251278,10.92415232371476
55.24390731725982,13.8987567841683
55.99274190977445,17.857073641369617
56.26105221036096,21.43742578234818
56.3784731717565,24.575567041285762
56.42881655800541,27.71621816600436
56.61331509454757,30.85184955916093
56.663658480796485,34.890098584905175
56.7140018670454,38.03074970962377
56.88176621468985,41.61674839020298
56.831422828440935,44.75739951492157
56.78107944219202,47.89805063964017
56.78107944219202,51.48844224374279
56.78107944219202,55.07883384784541
56.78107944219202,58.66922545194803
56.78107944219202,63.157214957076306
56.73073605594311,67.19546398282056
56.6803926696942,70.33611510753914
56.6803926696942,73.92650671164176
56.73073605594311,77.06715783636035
56.831422828440935,80.65566638272058
56.948843789836474,83.79380764165816
56.948843789836474,88.28179714678642
56.948843789836474,92.76978665191469
56.948843789836474,96.36017825601729
56.948843789836474,99.95056986011991
56.948843789836474,104.43855936524817
56.948843789836474,108.92654887037644
56.948843789836474,113.4145383755047
57.299747518003876,117.4264930020981
57.982387421947124,120.49274754697147
58.33399364048724,123.61333904704087
58.61889740889015,126.74144610826576
59.44915914166877,130.22823302043722
60.279420874447396,133.71501993260867
60.64799568581333,137.2859699493245
60.99960190435345,140.40656144939388
61.04994529060236,143.54721257411245
60.99960190435345,146.68786369883102
60.898915131855624,150.27637224519123
60.48060646317829,153.38944818410508
59.84620483279723,156.92286947017135
59.262379681711316,160.00845959787478
58.827664189499565,163.5675370712645
58.509479474552585,166.69126261275477
57.84057934813338,171.12912498320043
57.4724263719469,174.69570225095782
57.62336265098979,177.83196133002852
57.45564524319726,181.41607783074085
57.187334942610754,184.9964299717194
57.00283640606859,188.13206136487597
56.95249301981968,191.27271248959454
56.700916908130885,195.30343191799574
56.700916908130885,198.89382352209833
56.700916908130885,202.48421512620095
56.650573521881974,206.52246415194517
56.60023013563306,209.66311527666375
56.49954336313524,213.25162382302395
56.49954336313524,216.84201542712654
56.49954336313524,220.43240703122916
56.54988674938415,223.57305815594773
56.60023013563306,226.7137092806663
56.60023013563306,230.3041008847689
56.60023013563306,233.8944924888715
56.49954336313524,237.4830010352317
56.49954336313524,241.97099054035994
56.49954336313524,245.56138214446253
56.49954336313524,249.15177374856515
56.44919997688633,252.29242487328372
56.398856590637415,255.4330759980023
56.14788990959526,258.5580647993155
55.08203429200011,261.5028423782724
53.61465319803664,264.27926290987426
51.567918044249105,267.2216926415853
49.519515568188694,269.6019795023
47.14398439299884,271.64628938004165
44.41790724764596,273.2008677768133
41.453795235845355,274.23805542845633
38.37436995177825,274.8207141281931
35.23622869284067,274.9381350895887
32.09808743390309,274.8207141281931
28.96621601294443,274.9379004888035
25.41592611658787,275.47302058993887
21.43028428833188,276.124671468339
17.588321112787245,277.327125103213
14.780535401138586,278.73516038018477
12.175635900434974,280.4908405229347
9.039247596753775,282.2241806422133
5.739638344655471,283.62724471923417
1.8659584190676544,284.76943274428146
-1.207152482172374,285.41921219333693
-4.791270738021826,285.58688269410237
-7.905627463589553,285.235978965935
-11.40600045409247,284.43704167292117
-14.520357179660198,284.0861379447538
-18.11074878376282,284.0861379447538
-21.697375150256164,283.95193585460856
-25.275231461641255,284.15279345503905
-28.29142633528358,284.99560522008517
-31.524560817755912,286.5526007260353
-34.7728229434727,288.07963002555346
-38.247142778108405,288.9758007158864
-42.24154764583359,289.5608897011984
-46.27728680579683,289.5776238900961
-49.397878305866215,289.22601767155595
-52.401533242389625,288.3170250332893
-55.27984786555356,287.06122920063893
-58.18500504690174,285.8669571648798
-61.20036502814861,284.9895257793713
-64.24177816526267,284.20932779118203
-67.79461995746682,283.7416582923515
-71.3774819642264,283.8087358674981
-75.31576042490231,284.69045768673305
-78.71397873340477,285.84398806786197
-81.81019392612065,286.36153198105296
-84.95084505083923,286.4118753673019
-88.09149617555782,286.36153198105296
-91.62306330017313,285.7274572905972
-94.6168532591622,284.78648318065547
-97.42463897081086,283.3784479036837
-100.1193509361169,281.76452368992034
-103.68108801062179,279.8822233416634
-107.1554078452575,278.98605265133045
-110.57039945704476,277.89754458648696
-113.53451146884537,276.86035693484394
-116.63510818129585,276.376093968197
-120.18670512267904,276.810013843743
-123.7157974106623,277.4436680425424
-126.84328731188637,277.2260762203894
-130.39357720824296,276.69095611925405
-133.466688109483,276.0411766701986
-137.29997123203532,274.8063269406196
-140.4390759749277,273.0714184844312
-143.55623733968963,270.521473704966
-145.79363582222814,267.715864748316
-147.5269759415067,264.57947644463474
-148.8380053297815,261.23902804204266
-149.6507844263469,258.2056951583308
-150.86748750456684,254.83024647126638
-151.56597900598052,251.31852728615803
-151.46533917333466,247.7319009196647
-151.34791821193915,244.59375966072713
-151.34791821193915,241.00336805662454
-151.34791821193915,237.41297645252192
-151.39826159818807,234.27232532780334
-151.448604984437,231.13167420308477
-151.448604984437,226.64368469795653
-151.3982615981881,223.50303357323796
-151.2808406367926,220.3648923143004
-151.2304972505437,216.32664328855617
-150.48584985618064,213.28868506564103
-148.95912294522546,210.5436297140861
-147.23152682904066,207.9203425389796
-144.99412834650218,205.1147335823296
-141.94054268819502,202.48706537337864
-138.37880561369016,200.60476502512168
-135.37515067716677,199.695772386855
-131.80419188967477,199.36090035721259
-127.7922372630814,199.71180408537995
-124.34578297997352,200.7046982452231
-121.60403382328566,202.22962468872353
-118.48687245852373,204.7795694681886
-116.43846998246332,207.1598563289033
-114.91425293728909,209.9005644654053
-113.60322354901426,213.2410128679974
-112.62939360813336,216.2272947016459
-110.90886000293683,218.83947429613056
-108.19905742081961,221.83396250222088
-106.3346531091668,224.36018016223593
-103.98283774847864,226.42820523372748
-100.71918816662608,227.88861064373378
-97.6110758930201,228.30617116024348
-94.48797452716968,228.02164251684997
-91.37489858825579,227.60333384817264
-88.24553527794102,227.35199230444417
-84.20728625219677,227.40233569069306
-80.26900779152086,228.284057509928
-76.83812721251749,229.34234401339864
-73.75870192845038,229.92500271313537
-70.61742311781765,229.941783841885
-67.48116403874695,229.7908475628421
-64.39365850127766,229.2407699714813
-61.369618467038485,228.39573468067772
-57.800536603817406,228.0273939780919
-54.668665182858746,228.14458033870227
-51.57059582869189,228.66245119181855
-48.111836701270434,229.62396911257466
-44.5789896966852,230.22429535951198
-40.99424551005874,230.05657795171942
-37.41389336908018,229.78826765113286
-33.87670337436811,229.18728680375892
-30.327616298765946,228.6862893530663
-26.296896870364737,228.43471324137744
-22.735335823895085,228.8698030388044
-19.66222492265505,229.51958248785988
-16.611518936068276,230.26752428181098
-13.482775418153079,230.4516007534918
-9.448291630018105,230.26705527709765
-5.879215022392955,229.89866792980786
-2.3345479961331606,229.33045398559057
0.7860435039362265,228.97884776705044
3.924184762873808,228.86142680565487
7.052300594874877,229.11262779233422
11.427766833003533,230.11129940860144
14.983118490988701,230.51189133228533
18.09619442990259,230.09358266360798
21.64648432625915,229.5584625624726
25.154442666813992,228.82659656278378
28.643680021348377,226.83124515040896
31.18815691480082,223.72094061357203
32.799025024610074,220.0284983971318
33.611804121175425,216.99516551341995
34.19562927226131,213.9095753857165
34.61393794093861,210.79649944680258
34.86551405262737,206.7657800184014
34.74809309123182,203.62763875946382
34.24667514888285,200.07607684722961
33.093329781425055,196.67845833831726
31.628880436211347,193.90758494607542
29.078935656746193,190.7904235813135
25.899289658543935,188.31883205389596
23.154234306989,186.79210514294073
19.68714433010975,185.89801727043783
16.113060271972987,185.5628639626651
12.562770375616427,185.02774386152973
9.012480479259867,184.49262376039437
5.8843734180349765,184.2077199919915
2.304021277056414,183.93940969140502
-0.8341199818811686,183.8219887300095
-3.974771106599766,183.7716453437606
-7.1129123655373485,183.6542243823651
-10.701420911897575,183.5535376098673
-13.842072036616171,183.5031942236184
-16.982723161334768,183.4528508373695
-20.568721841913984,183.2850864897251
-23.709372966632582,183.2347431034762
-26.840614069278374,182.9832608386665
-29.86788651652556,182.17210563115762
-33.082501784825716,180.58677721325225
-35.6041619615306,178.72570730759276
-37.672187033022205,176.37389194690462
-39.46795797655155,172.76074853244484
-40.44178791743244,169.77446669879635
-41.57380482370382,166.84420188203865
-42.49982013473865,163.38826569267005
-42.75139624642744,159.35754626426885
-42.80173963267636,155.31929723852463
-43.05331574436515,151.28857781012343
-43.10365913061407,148.14792668540485
-43.22108009200961,145.0097854264673
-43.22108009200961,141.41939382236467
-43.22108009200961,137.82900221826208
-43.22108009200961,134.23861061415946
-43.27142347825853,131.09795948944088
-43.45592201480069,127.96232809628431
-43.89101181222769,124.40076704981465
-44.058541559086976,120.81915514947195
-43.87404302254483,117.68352375631538
-43.689544486002696,114.54789236315881
-43.80696544739824,111.40975110422123
-43.85730883364715,108.26909997950264
-44.041807370189325,105.13346858634607
-44.29338348187812,101.10274915794486
-44.24304009562921,97.96209803322627
-43.974729795042734,94.38174589224771
-43.85730883364722,91.24360463331013
-43.689544486002795,87.6576059527309
-43.689544486002795,84.06721434862831
-43.58885771350499,80.47870580226808
-43.58885771350499,76.88831419816549
-43.58885771350499,73.29792259406287
-43.58885771350499,69.70753098996025
-43.63920109975391,66.56687986524166
-43.68954448600282,63.426228740523065
-44.27449291426576,59.43307135111158
-45.07343020727959,55.93269836060867
-45.88620930384497,52.8993654768968
-47.49729240979315,49.207017062313064
-49.654871750527164,46.34015961765475
-52.095677433019354,43.70959671066806
-54.475964293734066,41.66119423460767
-57.12965132536555,39.993772158862726
-60.007965948529495,38.73797632621236
-63.87078871867961,37.598891782073665
-67.44174750617167,37.264019752431274
-70.57988876510926,37.38144071382681
-73.64307397815944,38.06342820980834
-77.00569220259946,39.311099887321
-79.81347791424812,40.71913516429273
-83.05475172770929,43.11144987083148
-85.27530551485579,45.33200365797799
-87.05690986677638,47.915430941131525
-88.52429096073985,50.691851472733326
-89.7614935440304,54.53228483148043
-90.12983424661617,58.10136669470151
-90.44801896156315,61.2250922361918
-91.08242059194419,64.75851352225808
-91.61754069307955,68.30880341861464
-91.90244446148245,71.43691047983954
-92.08694299802461,74.57254187299611
-92.13728638427352,77.7131929977147
-92.18762977052243,80.85384412243329
-92.18762977052243,84.44423572653591
-92.18762977052243,88.03462733063851
-92.23797315677135,92.07287635638276
-92.28831654302026,95.21352748110135
-92.33865992926917,99.25177650684559
-92.22147356865878,102.38364792780426
-91.92002304260951,105.9577407567172
-91.92002304260951,109.5481323608198
-92.20492681101241,112.6762394220447
-92.32234777240795,115.81438068098228
-92.37269115865685,118.95503180570087
-92.15486496540056,122.08564873270679
-91.68644731440241,125.64345419021885
-91.98775708654553,129.21504066362502
-92.27266085494843,132.3431477248499
-92.39008181634397,135.48128898378746
-92.39008181634397,139.07168058789006
-92.49076858884177,142.66018913425026
-92.54111197509067,146.69843815999448
-92.65853293648621,149.83657941893205
-92.65853293648621,153.42697102303464
-92.65853293648621,157.01736262713723
-92.65853293648621,160.60775423123982
-92.77595389788173,163.7458954901774
-93.12793524143126,167.7690905866469
-94.37103183672644,170.61812348768464
-96.7651640510293,172.63410006249163
-99.97977931932945,174.219428480397
-102.96606115297796,175.1932584212779
-105.97272808434221,176.10313101469572
-109.05831821204565,176.68695616578165
-113.08464734993608,177.00551600573806
-116.66499949091464,177.27382630632462
-119.80314074985222,177.3912472677202
-122.93939982892292,177.5421835467631
-126.47848251469372,176.97481130644456
-129.53726875468269,176.25945062086942
-132.47921094463535,175.15890525846422
-135.7123454271077,173.60190975251413
-138.4070573924137,171.98798553875073
-140.93376579703752,170.12318987133173
-143.69103257889404,167.17616586498067
-145.55582824631307,164.64945746035684
-147.22658841128722,161.9904578901506
-148.7835839172373,158.75732340767826
-149.82077156888036,155.79321139587768
-150.56871336283152,152.7425054092909
-151.08658421594782,149.6444360551241
-151.73636366500338,146.57132515388406
-152.18795357537275,142.56377308413047
-151.96993972118327,139.43002387084078
-151.22320847431865,136.3848324358466
-149.93740341193975,133.52166422679952
-148.1557990600192,130.938236943646
-145.84399659701168,128.81602584053752
-142.3314930151978,126.84594159360024
-139.3673810033972,125.80875394195718
-135.95748532169978,124.68669510469444
-132.01225963947965,123.872045887466
-128.4319074985011,123.6037355868795
-124.85155535752253,123.33542528629299
-121.71090423280393,123.28508190004408
-118.57527283964735,123.1005833635019
-115.43713158070977,122.98316240210636
-111.84673997660717,122.98316240210636
-108.25634837250456,122.98316240210636
-104.66595676840194,122.98316240210636
-101.52530564368335,122.93281901585743
-98.38716438474577,122.8153980544619
-95.2490231258082,122.69797709306634
-91.66867098482963,122.42966679247984
-88.52801986011104,122.37932340623092
-85.38987860117346,122.49674436762643
-81.35915917277225,122.74832047931517
-77.76876756866966,122.74832047931517
-74.17837596456704,122.74832047931517
-70.58986741820681,122.84900725181296
-67.44921629348822,122.89935063806186
-64.31107503455064,123.01677159945737
-59.823085529422364,123.01677159945737
-55.33509602429409,123.01677159945737
-52.194444899575494,122.96642821320845
-49.05881350641893,122.78192967666628
-45.02056448067468,122.73158629041735
-41.4377024739151,122.53035356497747
-37.85735033293654,122.79866386556392
-34.716699208217946,122.84900725181282
-31.12819066185772,122.94969402431062
-27.537799057755098,122.94969402431062
-23.949290511394867,123.05038079680841
-20.8136591182383,123.23487933335053
-17.76195051555313,123.87987010775032
-14.879279481977203,125.96540351421577
-12.916403541768663,128.96348917075048
-11.245643376794522,131.62248874095673
-9.38084770937548,134.14919714558053
-6.668939778928901,136.48298262801876
-3.070924007713549,138.30871977798003
-0.0963195472599998,139.314021262727
3.0042771651904827,139.79828422937393
7.031236621393779,139.54689577861834
10.946081542730095,138.6019605458256
13.824396165894022,137.3461647131752
17.255425782197293,135.22994368691738
19.635712642911976,133.18154121085695
21.856266430058472,130.9609874237104
24.093664912596964,128.1553784670604
25.764425077571065,125.49637889685411
27.25442357349732,121.74572894218275
28.067202670062667,118.71239605847087
28.58507352317894,115.61432670430402
28.702494484574462,112.47618544536644
28.35088826603433,109.35559394529704
27.767063114948414,106.2700038175936
26.76434380332782,103.30313388967471
25.356308526356084,100.49534817802605
23.62871241017123,97.87206100291955
21.39131392763271,95.06645204626955
18.81051456500014,92.58031564405744
15.845549662032985,90.55883680136
13.069129130431186,89.09145570739655
9.755523286023319,87.71890252223052
6.739563505186334,86.84128612305095
3.1642170595822585,86.70750609776711
0.19947302376292775,87.67464311112654
-2.231170484303374,89.63477993233205
-4.442720293072476,92.46180535886899
-6.334147345793347,94.96807878282343
-8.721941063967371,97.64012682131701
-11.945371538291315,100.06083986443583
-15.300351473955018,101.30566494073788
-18.341764611069078,102.08586292892726
-21.327446645127473,103.05950785613706
-24.87653372072964,103.56050530682968
-28.017812531362367,103.57728643557932
-31.153443924518935,103.76178497212149
-34.73379606549749,104.030095272708
-38.30036456247875,104.43195103061801
-41.88071670345731,104.70026133120452
-45.01446591674699,104.91827518539404
-48.15009730990356,104.73377664885189
-51.73044945088212,104.46546634826538
-54.871100575600714,104.41512296201648
-58.01175170031931,104.36477957576759
-61.1524028250379,104.31443618951869
-65.19065185078216,104.26409280326979
-68.33130297550076,104.21374941702089
-71.47195410021935,104.163406030772
-74.61260522493794,104.1130626445231
-77.75325634965652,104.0627192582742
-80.89390747437511,104.0123758720253
-84.48241602073534,104.11306264452313
-87.61804741389192,104.29756118106529
-91.64751673587624,104.5154343141735
-95.23414485750669,104.6160272397923
-98.37479598222528,104.5656838535434
-101.95514812320384,104.2973735529569
-105.09579924792243,104.247030166708
-108.68619085202504,104.247030166708
-113.1741803571533,104.247030166708
-117.66216986228157,104.247030166708
-121.70041888802582,104.1966867804591
-124.84107001274441,104.1463433942102
-128.431461616847,104.1463433942102
-132.46971064259122,104.09600000796131
-135.6078519015288,103.97857904656578
-138.73911054082092,103.82806453723629
-141.5455652462528,102.45771346510982
-144.66272661101473,99.90776868564468
-146.7620075713739,97.5712663010517
-148.4294296471189,94.91757926942023
-149.62370168287802,92.01242208807206
-150.59753162375893,89.02614025442355
-151.66619081926814,86.07370561581794
-152.26651706620555,82.54085861123271
-152.30003238385294,78.95423224473934
-152.35028192322284,75.82048127631253
-152.6013890630232,72.69424586904123
-152.21650189793903,69.57803588870644
-151.63267674685315,66.492445761003
-150.83373945383937,62.99207277050008
-150.26636721352085,59.45299008472927
-149.88148004843669,56.336780104394485
-149.34635994730132,52.786490208037925
-148.928051278624,49.67341426912404
-148.65974097803755,46.093062128145476
-148.65974097803758,42.50455358178525
-149.01172232158714,38.481358485315724
-149.52959317470345,35.38328913114888
-150.2775349686546,32.332583144562115
-151.1401925689273,28.854477133345576
-151.49179878746742,25.733885633276188
-151.76010908805395,22.153533492297626
-151.94460762459616,19.017902099141057
-151.94460762459616,15.427510495038437
-151.29739107144064,12.367314318413344
-149.83294172622695,9.59644092617148
-147.5720416098236,6.8151915343595695
-145.19651043463375,4.770881656617964
-142.4256370423919,3.3064323114042438
-139.46152503059133,2.2692446597611817
-136.47524319694284,1.295414718880278
-133.03178623403764,0.30344510987581824
-129.02234147322528,-0.11453619343823934
-125.8816903485067,-0.16487957968716097
-122.74605895535012,-0.349378116229347
-119.60791769641254,-0.46679907762490147
-116.46726657169395,-0.5171424638738219
-113.32661544697537,-0.5674858501227436
-110.18596432225678,-0.617829236371664
-107.04531319753819,-0.6681726226205856
-103.9046620728196,-0.7185160088695061
-100.76401094810102,-0.7688593951184277
