100.0
100.0
100.0
100.0
100.0
100.0
100.0
-77.99999999999994
-9.00000000000001
-11.142857142857151
-77.99999999999994
-26.00000000000004
100.0
100.0
100.0
-77.99999999999946
100.0
100.0
100.0
100.0
100.0
100.0
100.0
100.0
100.0
100.0
100.0
100.0
100.0
36.00000000000004
100.0
77.99999999999946
100.0
-25.999999999999947
100.0
-41.9999999999998
100.0
100.0
-77.99999999999972
41.9999999999998
77.99999999999972
-77.99999999999984
100.0
100.0
100.0
100.0
100.0
90.00000000000088
100.0
100.0
100.0
100.0
100.0
100.0
-15.60000000000013
-36.000000000000426
-18.000000000000213
-18.000000000000238
-21.000000000000156
-36.00000000000054
36.000000000000156
100.0
36.00000000000054
18.000000000000238
-36.000000000000426
-36.00000000000054
-26.000000000000032
-21.000000000000156
78.00000000000085
36.00000000000054
36.0000000000008
26.000000000000284
-42.000000000000455
-78.0000000000016
-21.000000000000313
-26.000000000000284
78.00000000000111
78.0000000000016
26.000000000000284
15.60000000000015
-18.000000000000238
-42.00000000000056
-26.000000000000284
-26.000000000000284
36.000000000000156
-78.00000000000111
18.0000000000004
18.000000000000078
-26.000000000000284
-78.0000000000016
-35.99999999999902
-15.59999999999939
-25.99999999999902
-20.999999999999208
-77.99999999999706
-25.99999999999902
-77.99999999999706
77.99999999999706
-89.99999999999812
100.0
100.0
-77.99999999999706
-13.999999999999472
-35.99999999999864
-17.99999999999932
-20.999999999999208
-17.99999999999932
-17.99999999999932
-17.99999999999932
-20.999999999999208
-17.99999999999932
41.999999999998415
41.999999999998415
20.999999999999208
10.499999999999604
35.99999999999864
-35.99999999999864
-17.99999999999932
35.99999999999864
20.999999999999208
100.0
100.0
-20.999999999999208
100.0
35.99999999999864
17.99999999999932
-35.99999999999864
-25.99999999999902
-25.99999999999902
17.99999999999932
100.0
35.99999999999864
-35.99999999999864
-35.99999999999864
100.0
25.99999999999902
17.99999999999932
15.599999999999412
11.999999999999547
35.99999999999864
41.999999999998415
25.99999999999902
77.99999999999706
15.59999999999939
15.599999999999369
17.99999999999932
77.99999999999706
77.99999999999706
41.999999999998415
100.0
100.0
-77.99999999999706
77.99999999999858
100.0
-15.599999999999369
-15.59999999999939
-15.599999999999369
-35.99999999999864
100.0
-17.99999999999929
77.99999999999706
-77.99999999999706
100.0
100.0
41.999999999998415
-77.99999999999706
-35.99999999999864
77.99999999999706
100.0
77.99999999999706
-35.99999999999864
100.0
77.99999999999706
100.0
100.0
100.0
100.0
17.99999999999932
100.0
20.999999999999172
25.999999999999527
20.999999999999208
35.99999999999864
17.99999999999929
20.999999999999208
35.99999999999864
17.99999999999932
25.99999999999893
17.999999999999275
17.999999999999265
-35.99999999999858
100.0
35.99999999999853
100.0
100.0
100.0
100.0
41.99999999999828
-25.999999999998963
77.99999999999706
100.0
77.9999999999968
-41.999999999998344
77.9999999999968
100.0
100.0
100.0
100.0
100.0
-11.99999999999952
-8.666666666666323
-77.99999999999706
-25.99999999999902
-35.99999999999864
100.0
-41.999999999998415
-35.99999999999864
-35.99999999999864
-20.999999999999172
-35.99999999999864
-35.99999999999864
-20.999999999999208
-77.99999999999706
-77.99999999999706
-35.99999999999864
-13.999999999999472
-15.599999999999412
-15.599999999999412
-77.99999999999706
-35.99999999999864
100.0
100.0
-77.99999999999706
100.0
100.0
100.0
100.0
-77.99999999999706
100.0
77.99999999999706
100.0
100.0
100.0
77.99999999999706
-35.99999999999864
100.0
77.99999999999706
100.0
100.0
-35.99999999999864
-8.99999999999966
-17.99999999999932
25.99999999999902
11.999999999999547
35.99999999999864
15.599999999999412
20.999999999999208
35.99999999999864
25.99999999999902
25.99999999999902
25.99999999999902
25.99999999999902
25.99999999999902
25.99999999999902
35.99999999999864
25.99999999999902
35.99999999999864
20.999999999999208
20.999999999999208
8.999999999999645
11.999999999999527
-35.99999999999858
-20.999999999999208
-17.99999999999929
100.0
-25.99999999999902
77.99999999999706
100.0
-77.99999999999706
100.0
100.0
100.0
100.0
100.0
100.0
100.0
100.0
35.99999999999864
-25.99999999999902
100.0
100.0
100.0
100.0
77.99999999999706
100.0
-25.99999999999902
-13.999999999999456
-17.99999999999932
-17.99999999999932
-77.99999999999706
-25.99999999999902
25.99999999999902
-11.999999999999547
100.0
35.99999999999864
-35.99999999999864
35.99999999999864
41.999999999998415
77.99999999999706
35.99999999999864
-25.99999999999902
-77.99999999999706
-25.99999999999902
-11.999999999999547
-15.599999999999412
-25.99999999999902
-35.99999999999864
-77.99999999999706
100.0
100.0
100.0
100.0
100.0
